
strategic_region={
	id=203
	name="STRATEGICREGION_203"
    #buildings_max_level_factor = 1
	provinces={
		1297 1591 1668 1708 1749 1779 1783 1794 1797 1818 1840 1844 1864 4651 4661 4674 4714 4734 4764 4773 4781 4788 4800 4803 4823 4845 4849 4867 7332 7680 7693 7711 7737 7784 7795 7850 7856 7866 7890 10146 10161 10218 10290 10531 10537 10546 10547 10550 10584 10610 10619 10653 10680 10691 10713 11410 12427 12509 12515 12526 12528 12529 12564 12590 12594 12601 12613 12635 12662 12737 13148 13149 13151 13197 
	}
	weather={
	}
}
