
strategic_region={
	id=204
	name="STRATEGICREGION_204"
    #buildings_max_level_factor = 1
	provinces={
		756 1216 1384 1459 1483 1573 1632 1675 1825 1919 1948 1995 2017 2058 2062 2078 2101 4224 4316 4391 4467 4482 4542 4549 4629 4768 4893 4923 4949 4958 5003 5020 5062 5064 5082 7224 7448 7519 7560 7584 7639 7682 7775 7916 7924 7984 8027 8053 8090 9605 10187 10205 10408 10414 10417 10476 10488 10530 10660 10671 10737 10742 10781 10789 10826 10852 10896 11687 12218 12239 12248 12250 12314 12370 12430 12511 12581 12583 12653 12722 12769 12788 12805 12831 12871 12877 13147 13751 13752 13753 13754 13755 13756 
	}
	weather={
	}
}
