
strategic_region={
	id=206
	name="STRATEGICREGION_206"
    #buildings_max_level_factor = 1
	provinces={
		664 675 681 725 739 753 810 814 837 881 930 934 952 957 972 1267 1325 1343 1397 1499 1502 1504 1508 1545 1558 1567 1571 1588 1627 1638 1645 1693 1724 1730 1732 1739 1776 1802 1842 1845 1847 3664 3695 3723 3739 3753 3756 3787 3811 3814 3815 3828 3843 3877 3881 3932 3963 3977 3978 4246 4290 4404 4503 4506 4514 4551 4561 4572 4592 4633 4642 4649 4677 4701 4719 4725 4731 4745 4779 4805 4809 4829 4832 4841 4844 4847 4852 4876 5427 6684 6686 6715 6774 6833 6838 6852 6863 6898 6937 6947 6961 6969 6988 6989 7249 7266 7309 7523 7526 7569 7575 7582 7591 7613 7616 7633 7652 7663 7670 7672 7691 7697 7725 7743 7748 7754 7763 7767 7785 7786 7801 7812 7832 7844 7848 7851 7868 7873 7894 7897 9589 9604 9623 9639 9641 9659 9733 9749 9762 9768 9782 9798 9831 9873 9895 9905 9913 9926 9927 10215 10331 10368 10376 10379 10426 10429 10433 10463 10466 10499 10503 10519 10521 10541 10559 10567 10571 10608 10612 10638 10655 10675 10678 10698 10722 11575 11624 11626 11629 11643 11719 11744 11745 11750 11765 11777 11801 11836 11855 11864 11879 11903 11904 12136 12189 12192 12261 12263 12337 12342 12355 12412 12443 12469 12478 12482 12485 12500 12537 12543 12548 12559 12569 12618 12622 12638 12654 12657 12660 12678 12690 13150 
	}
	weather={
	}
}
