
strategic_region={
	id=207
	name="STRATEGICREGION_207"
    #buildings_max_level_factor = 1
	provinces={
		783 800 836 846 848 852 861 887 892 898 906 912 916 927 944 945 946 959 964 973 978 987 1150 3783 3791 3803 3839 3849 3852 3860 3888 3895 3904 3912 3913 3929 3934 3944 3947 3949 3970 3981 4052 6804 6806 6811 6822 6837 6851 6860 6868 6893 6905 6910 6918 6922 6928 6944 6951 6963 6964 6981 9759 9766 9781 9788 9790 9795 9803 9835 9841 9848 9854 9866 9883 9885 9897 9899 9918 9928 10065 10083 11764 11770 11771 11775 11781 11808 11815 11823 11828 11835 11850 11862 11878 11886 11893 11896 11906 
	}
	weather={
	}
}
