
strategic_region={
	id=210
	name="STRATEGICREGION_210"
    #buildings_max_level_factor = 1
	provinces={
		517 531 556 1257 1367 1395 1458 1630 1647 1778 1882 1893 1918 1933 1976 1985 1999 2006 2022 2028 2030 2045 2053 2067 2091 2099 3742 3745 4041 4141 4167 4256 4295 4313 4375 4403 4407 4431 4536 4888 4914 4925 4939 4964 4999 5007 5025 5048 5057 5076 5080 5092 5100 5102 5193 6638 6999 7208 7240 7256 7270 7294 7301 7314 7397 7406 7418 7511 7659 7911 7940 7948 7971 7988 7997 8018 8026 8037 8041 8049 8059 8081 8102 8104 9966 10132 10144 10257 10304 10490 10724 10726 10733 10750 10763 10787 10796 10817 10822 10834 10841 10856 10865 10880 10903 11448 11865 11972 12141 12156 12274 12327 12356 12408 12596 12705 12713 12724 12732 12767 12776 12797 12815 12819 12820 12837 12846 12882 12890 12899 13146 
	}
	weather={
	}
}
