
strategic_region={
	id=211
	name="STRATEGICREGION_211"
    #buildings_max_level_factor = 1
	provinces={
		1006 1018 1023 1047 1053 1066 1078 1087 1094 1110 1120 1131 1138 1153 1162 1166 1187 1193 1202 1448 1469 1597 1625 1628 1640 3992 4023 4028 4038 4050 4053 4077 4081 4083 4085 4092 4099 4113 4121 4125 4134 4152 4156 4160 4165 4169 4177 4183 4185 4189 4196 4207 4480 4628 4656 4896 7004 7007 7027 7039 7044 7054 7067 7071 7095 7097 7099 7101 7108 7128 7131 7135 7137 7141 7152 7159 7168 7172 7182 7192 7199 7210 7279 7502 7650 7653 7665 9938 9942 9963 9970 9978 9982 9984 9997 9999 10004 10006 10010 10012 10039 10042 10050 10054 10057 10062 10069 10080 10084 10093 10105 10112 10114 10121 10335 10377 10404 10431 10459 10501 10517 11918 11926 11938 11941 11945 11961 11981 11983 11986 11988 12014 12017 12023 12030 12053 12057 12077 12084 12095 12310 12350 12378 12407 12436 12483 12495 13140 13141 13143 
	}
	weather={
	}
}
