
strategic_region={
	id=212
	name="STRATEGICREGION_212"
    #buildings_max_level_factor = 1
	provinces={
		997 1014 1075 1142 1330 1333 1417 1492 1497 1525 1553 1581 1650 2843 3651 3999 4019 4059 4087 4147 4162 4202 4293 4336 4454 4541 4585 4588 4616 4626 7034 7078 7122 7124 7163 7179 7190 7254 7382 7441 7534 7565 7634 7662 9935 9991 9993 10033 10035 10090 10154 10182 10223 10267 10283 10344 10349 10386 10389 10416 10443 10486 10514 11911 11929 11966 11968 12010 12090 12127 12197 12256 12267 12284 12322 12335 12338 12366 12395 12404 12423 12449 12464 12492 13208 13934 
	}
	weather={
	}
}
