
strategic_region={
	id=214
	name="STRATEGICREGION_214"
    #buildings_max_level_factor = 1
	provinces={
		11 15 22 30 38 44 58 61 64 74 76 82 91 98 101 103 109 116 118 120 124 128 142 145 148 151 158 162 167 173 178 182 190 192 201 203 2992 2995 3003 3012 3016 3026 3034 3040 3044 3048 3054 3055 3058 3062 3069 3082 3088 3095 3097 3100 3104 3107 3113 3126 3132 3134 3138 3145 3153 3156 3158 3170 3173 3179 3193 6012 6015 6024 6045 6055 6061 6071 6074 6076 6079 6083 6087 6092 6107 6111 6117 6125 6128 6130 6132 6137 6140 6142 6152 6155 6157 6161 6165 6168 6170 6179 6181 6183 6187 6194 6200 6206 6208 6214 9039 9042 9059 9064 9083 9089 9093 9095 9108 9112 9115 9116 9126 9128 9134 9140 9143 9147 9165 9175 9178 9179 9186 9189 9191 9201 9203 9208 9211 9215 9217 9220 9223 9226 11026 11030 11031 11034 11041 11050 11058 11060 11063 11067 11069 11073 11077 11081 11088 11090 11102 11104 11112 11115 11117 11125 11128 11130 11140 11142 11152 11155 11157 11164 11167 11169 11183 11190 11196 11201 11204 11208 13119 13218 13219 13223 13232 
	}
	weather={
	}
}
