
strategic_region={
	id=215
	name="STRATEGICREGION_215"
    #buildings_max_level_factor = 1
	provinces={
		3 7 18 32 36 37 40 52 63 66 67 80 86 90 92 94 132 134 136 139 141 149 155 157 165 169 170 176 193 195 197 204 2332 2356 2994 2998 3008 3009 3013 3025 3030 3033 3050 3060 3061 3067 3068 3071 3073 3078 3083 3084 3115 3117 3119 3121 3122 3125 3131 3133 3137 3144 3149 3151 3161 3172 3185 3187 3189 6009 6013 6021 6029 6033 6047 6052 6057 6066 6070 6078 6081 6082 6090 6094 6096 6098 6106 6108 6134 6138 6141 6144 6146 6150 6153 6156 6159 6163 6172 6175 6186 6198 6210 6212 9038 9045 9055 9056 9061 9073 9074 9078 9094 9100 9104 9105 9106 9118 9119 9123 9129 9150 9156 9158 9160 9162 9163 9166 9167 9169 9176 9181 9183 9194 9195 9198 9206 9219 9231 9233 11024 11033 11043 11045 11046 11054 11056 11065 11066 11076 11079 11085 11092 11094 11096 11105 11121 11126 11132 11138 11141 11144 11146 11150 11153 11156 11159 11162 11172 11175 11181 11199 11210 11211 11212 13100 13101 13102 13103 13104 13105 13106 13107 13108 13109 13110 13111 13112 13113 13114 13115 13118 13130 13194 13198 
	}
	weather={
	}
}
