2 6 8034 13637 13652 13898 13896 4952 
2 7 13652 13898 13656 13910 1992 4889 13635 
3 7 1891 1932 13658 2025 13657 13656 13899 
3 7 13658 1932 13633 12817 12731 13655 2050 
1 8 12785 8039 13438 13437 12787 13433 12742 10862 
2 4 13444 1951 13443 12843 
2 4 13362 13448 13447 10919 
2 31 10803 8122 13432 7983 13370 13369 13363 13364 13368 12707 13384 13450 13451 2056 13454 8028 13455 13456 10758 10805 10780 13138 3123 2081 9152 3181 4978 13892 13889 13890 5136 
1 2 8122 13638 
1 4 13420 13419 13421 13424 
1 4 13418 13416 7959 13417 
1 4 13408 13407 13406 13409 
1 6 13400 13399 1909 13386 13414 13415 
1 4 13402 13401 12858 12802 
1 9 4948 12710 8015 2012 10829 13376 12751 4927 13374 
2 3 8035 7992 5034 
4 37 10023 7069 10070 1194 10113 13351 12087 4199 7215 12100 989 4116 7132 11923 1013 9964 1145 13617 11939 7166 4046 10078 12051 7081 11953 1058 1160 4163 9994 7180 11969 10091 7162 11921 10026 7005 11957 
1 6 7132 4150 7008 12018 12842 10731 
1 5 989 1111 4154 4933 8046 
1 8 10046 10117 12088 4057 1198 1127 4120 11954 
5 20 7079 9989 11967 10061 11910 1071 4145 4076 7164 3996 4055 1068 10031 7144 11974 12044 7073 1028 1206 12771 
5 6 1068 4055 7011 12049 1155 11979 
4 4 4055 3996 10073 7091 
4 2 10005 7011 
4 2 11964 10073 
1 3 7073 10097 2064 
1 3 7073 12071 12889 
1 3 10031 7117 7216 
4 7 4963 12796 12826 7925 12806 1914 12887 
3 4 12725 7989 2046 12796 
1 5 2046 2088 12862 4918 12887 
3 5 8124 7980 5010 12856 7912 
1 5 5010 5097 7944 2072 12766 
3 9 5139 10948 13210 8193 13639 5117 12925 10968 2115 
1 2 13613 8248 
1 4 12985 8202 12391 2126 
3 3 13323 13319 10525 
4 19 13224 10957 13228 13344 4879 10963 13238 13240 5189 13244 13250 13253 12419 13264 13265 13268 13269 13270 1833 
1 3 4879 13231 2207 
1 3 5189 13239 5154 
5 4 12419 13251 12692 12589 
5 5 12589 13247 13246 13249 13250 
5 13 12589 13248 12547 13266 4696 13270 1833 13274 13275 1468 13298 13297 8178 
5 20 3501 13070 507 11471 6221 7239 3301 3205 6384 6335 6399 11332 11218 6320 3273 6395 6385 284 11161 6046 
4 50 6526 540 3463 9484 6351 11471 9239 6103 11374 221 271 322 3287 9322 3353 364 11279 9297 7239 3241 377 407 3274 311 9364 3205 6384 6318 9315 9379 9269 11297 11317 11270 351 11299 11378 9392 9383 6300 3150 11136 200 11207 9161 9075 6046 6104 3159 11064 
5 5 9458 507 9239 9268 11279 
5 8 6489 11471 6221 9268 364 6237 11382 9269 
4 3 351 219 11332 
4 7 9392 9314 219 9285 9397 6268 9379 
4 4 3287 296 11221 6103 
4 5 3342 285 7377 11293 3359 
5 4 11293 3342 9310 6313 
5 15 11371 9321 9369 3396 11334 6289 6405 9405 7394 11267 9310 303 369 11303 9303 
5 6 11371 11238 11257 385 3242 3379
3 23 7553 8181 4533 10405 4548 12396 7594 10447 4589 4575 1585 5110 12466 5178 4587 8224 12951 8189 13588 13589 13591 2111 2142 
5 10 7553 5167 5112 10432 5172 10980 8190 12996 2153 10999 
4 25 5112 10432 12479 8210 2167 12923 8140 13576 2218 2190 13583 13572 13573 13568 2168 13567 13566 13565 13554 13552 12913 13555 13556 13557 12933 
5 8 10432 10360 12972 5186 7636 12977 8140 13576 
5 4 5112 10513 10947 12972 
1 6 13487 13488 10934 12965 13464 8254 
3 4 13548 12999 13545 13554 
4 9 4980 13507 13508 13490 13489 2035 13535 10956 13566 
1 3 10956 13533 8172 
5 21 2167 7476 12938 12909 12903 12422 10392 8184 10946 8143 10998 10939 5168 2227 10933 2175 8179 5107 2132 13579 2228 
1 4 4982 12828 10906 12885 
1 3 8113 7968 10912 
4 9 8056 1937 12703 10747 10790 2023 4969 10864 12790 
5 8 10790 7936 10846 12798 5051 8252 11020 5120 
5 10 10362 12336 10347 1641 1626 12440 12468 10502 4457 12496 
2 2 12440 4575 
1 3 10447 4436 7638 
3 3 11023 2152 2173 
4 14 8216 5143 8255 10975 5163 7500 12351 12364 12379 4573 7621 1624 4643 1639 
4 8 12364 10402 10390 10418 12998 10935 2149 8192 
3 6 12364 10402 12394 12409 1639 12494 
1 5 10953 12349 12982 12306 2149 
5 5 12982 12321 12494 1596 10418 
3 4 10390 8208 5184 5152 
4 9 7621 1568 12394 10418 7550 5219 12970 10964 2179 
5 8 2149 11021 12970 2158 11022 8255 8169 2208 
5 7 8238 8187 2172 5163 10985 5152 12970 
5 8 12453 1449 5163 10975 11022 12978 8253 5192 
5 9 8192 11021 12970 2158 11022 12978 8216 10965 10944 
3 5 2172 5213 2106 12922 2209 
1 4 7630 7617 4624 4611 
1 3 12878 13087 13092 
1 3 12738 10728 2075 
2 3 2031 8017 12865 
3 7 12823 13665 13093 13666 13668 13678 13679 
4 5 10886 10842 13085 4991 2077 
5 8 12715 4904 12867 2021 10889 12810 8089 1965 
1 2 12867 1900 
3 7 8089 10730 5066 8032 2051 13089 12746 
4 11 8032 4887 2008 4956 2083 13088 5015 10769 12835 2060 12811 
5 7 2008 10172 12804 7921 4946 8057 1945 
5 9 12746 12873 7921 4946 8057 1945 4977 4908 10848 
3 6 10848 10765 13214 12827 10809 8097 
4 8 12461 13215 12833 2069 8012 13214 7935 10830 
3 12 5071 12827 7935 4898 10871 10853 12804 10172 2008 5052 12873 10895 
2 6 12461 1892 12859 7964 8119 12736 
1 5 10830 12850 8003 7973 10738 
2 7 12712 10773 8089 7913 5021 13088 5015 
3 10 4600 7622 10498 7451 10374 4476 7546 12347 7590 1550 
1 2 12304 12477 
1 5 4641 1594 4598 10484 7660 
3 25 10674 12656 7732 1838 12820 7971 2028 10770 5031 12750 8055 10724 8081 10880 7314 1458 1034 7571 4606 1139 4114 7129 12069 10043 9956 
4 10 4925 12141 10841 1918 12837 12724 4407 8041 5018 2098 
5 4 10841 2067 7294 1319 
5 8 10400 13280 12648 13277 13273 13272 10697 13264 
3 11 12648 13281 13283 5217 5106 13291 13292 13293 13294 13285 13280 
3 6 13283 13281 2213 13259 13263 13264 
1 6 1509 13259 5231 13273 4584 13274 
3 9 13250 10442 13254 13257 1509 13256 10668 13282 13283 
1 5 5004 5128 10993 1057 10104 
3 5 13298 1494 12064 13279 12648 
3 10 12702 5024 12727 12870 8004 10748 7934 12758 10835 8092 
3 4 12883 5037 2090 10748 
3 9 12727 12813 4968 2057 10815 8101 4562 4574 7151 
3 10 7982 12863 12780 8031 4928 2026 5067 10922 10837 4580 
3 11 8031 10828 10873 8009 5073 1957 7573 11671 7602 10385 10768 
3 13 5005 7953 10774 5050 12773 8040 8125 10523 2071 12861 1896 12793 4553 
3 3 8040 1982 10922 
1 10 2089 12726 2004 7994 2097 10793 8123 3916 10106 1600 
1 2 5005 2089 
3 8 7151 7001 1544 4440 1631 12413 12372 1600 
3 11 4486 4111 4550 1056 7140 12473 7671 6883 1634 1578 1549 
3 9 4486 1956 7184 10383 12442 7513 2013 901 10882 
1 12 1957 1888 10806 4893 10476 7448 12877 7584 10852 12248 10781 10737 
5 21 11842 3893 3879 6895 9833 11829 11811 6871 3786 11831 3951 6808 3907 11784 11747 804 11844 3807 921 6956 11746 
5 9 1005 12016 784 3876 11860 9811 9901 6925 11747 
5 13 921 3870 869 11792 11860 3876 9878 6945 11796 3927 6992 7130 4112 
5 4 10122 11917 12013 12016 
3 10 921 6977 9777 3903 3935 933 9900 6978 3967 3982 
4 13 9777 3950 6919 3979 9932 3714 11753 7454 10403 10472 12376 7470 6935 
2 13 12029 806 3889 6813 9912 7620 11759 4512 12387 7530 12476 864 6935 
3 7 7470 11880 9858 10399 876 11797 6919 
1 4 11747 6908 3919 11866 
3 6 6925 9861 869 6807 9763 10056 
5 66 9765 6933 980 970 11768 11805 924 3798 6924 9817 11673 6734 9689 6955 11710 758 3761 6764 9719 5095 11707 6749 9703 11688 740 7041 3735 3933 9857 6901 3816 11737 3909 798 871 9896 6906 6856 11884 1093 7111 7196 1192 4095 1090 7068 9979 7153 4135 7943 1048 7183 10868 4182 7198 6744 1178 9891 7098 4080 11749 9815 12070 6880 3790 3866 
5 14 1090 10111 950 12081 9778 1897 858 3938 9767 6993 9785 9933 948 11737 
5 23 6955 11692 11677 11840 3725 920 918 11825 9846 9800 939 3794 3938 10725 11863 3953 11812 11807 4195 7111 10109 10024 4098 
5 12 12081 6896 3871 875 9891 7098 7183 4080 9815 12070 6880 3790 
5 20 11737 3954 8061 6966 6812 9764 854 6927 9824 11779 6915 943 6766 3749 929 11699 3740 6759 6762 9737 
5 18 6966 3873 6817 9896 6906 6959 962 4098 9889 11884 3835 832 888 11742 6879 3858 9767 3938 
5 18 929 6775 9734 9751 620 3626 651 9629 11631 3493 512 9725 9523 11506 9561 454 6504 11483 
5 10 943 9723 6960 9898 11877 11849 11834 911 3928 13618 
5 2 9909 3928 
5 20 11877 9728 11716 6786 6613 11794 648 3650 3646 3666 698 678 6529 1346 9503 549 13343 3629 11531 9575 
5 8 648 11628 3681 3506 551 6949 11491 11506 
5 12 9723 3751 3754 6789 9593 6648 6651 3655 11611 6688 6518 3506 
5 26 11631 3671 3659 11613 9867 11616 11465 9495 9510 6536 542 3552 6572 9525 11508 527 9550 6449 3579 11535 6599 9434 485 11420 9500 11548 
5 13 9737 11565 9597 6657 9631 11613 9478 11463 6547 3549 6569 9534 11506 
5 41 3650 817 9642 6698 11488 5291 3560 3546 13011 11549 3402 11606 3447 9472 13081 3516 9444 6537 11519 13068 516 6598 11419 3262 9498 3211 391 13619 13621 13623 13624 6336 9335 9309 9403 6241 11456 6496 6500 9574 11562 
5 3 9403 6286 13623 
5 2 11456 9498 
5 8 778 9603 6609 9745 6784 762 11713 11877 
5 13 3560 9418 6583 11435 11470 3547 587 3444 3512 6622 11346 9281 9309 
5 23 9575 11470 11494 529 6570 6469 495 6535 11388 247 309 3326 6349 6325 9347 9320 6257 6389 317 11366 11251 3277 6364 
5 22 549 563 11547 11560 6488 3524 9486 9547 3398 9443 11431 9509 405 3355 11493 6377 526 9375 3522 9456 3499 6521 
5 14 692 3705 3299 561 6540 11499 3690 6934 3679 11640 9638 9620 9622 6666 
5 16 6683 9638 663 11623 6680 6678 9633 11618 3675 668 3674 6687 653 9648 6690 11666 
5 9 11544 9416 3474 9497 538 6582 3535 11481 514 
5 8 6725 9515 3705 6540 9545 6555 6568 589 
5 13 3692 11486 9517 6555 9557 9572 6421 482 6524 538 6582 9560 11545 
5 30 11233 6535 11431 564 9524 3500 482 3474 11404 6470 424 3585 3418 11432 6440 11542 9429 494 3553 3569 11511 9539 9692 3716 11679 11522 3537 555 3550 3581 
5 10 9486 3524 6549 9524 3561 425 6582 9560 6441 9428 
5 12 707 3688 11653 9515 3299 571 9416 3474 482 6524 425 11468 
5 12 3397 11445 3500 6524 538 6582 9560 6441 9428 11505 3207 6282 
5 15 321 11276 11219 375 6521 9428 478 9535 3572 3438 9470 3510 9570 6512 9457 
5 4 11276 11305 9320 3368 
5 16 11251 3325 3260 6393 6287 6345 9279 11376 6120 11160 11327 11215 329 299 3229 6148 
5 7 6812 6836 11819 915 11838 3931 743 
5 13 9846 9827 11809 9870 3859 11766 6878 6901 9840 11821 11819 899 897 
5 10 9815 3940 11851 6902 4902 9839 9770 874 6907 920 
5 6 6800 9881 3986 9917 9839 3969 
5 14 3887 857 3859 6841 9767 3938 858 3986 985 9925 6902 11851 3940 6884 
5 7 3810 3930 9925 6902 3926 11885 3798 
5 10 9765 6933 3846 3886 3926 3969 938 845 6941 3892 
5 5 845 6818 6996 3798 924 
5 6 9620 11604 11601 661 658 9600 
5 5 11666 704 11651 9665 3684 
5 8 9627 9596 665 3654 11630 6690 704 6552 
5 6 6723 11651 9679 9648 653 11612 
5 7 9646 653 6687 6691 3684 688 707 
5 6 9627 599 6626 628 11584 9582 
5 21 9909 3959 11721 3764 9738 6780 3782 776 3780 6790 9752 6606 6985 782 6793 9582 11584 6656 656 11615 9630 
5 5 611 3782 9741 771 6788 
5 11 9909 770 11723 771 11726 3780 773 11568 6631 9598 6656 
5 20 6635 776 11726 3773 3976 6985 1616 9924 13336 967 11889 925 9838 3910 6831 3923 11803 3958 6972 9784 
5 3 11861 3885 6862 
5 29 6788 6973 6946 11833 6875 6862 11751 9904 11846 923 9826 819 955 851 3968 10027 3901 12098 12066 9990 4159 1156 3857 10074 7059 7147 1009 4014 12047 
5 10 9627 6650 3601 6611 984 3974 3924 11816 3868 6889 
5 9 9914 9780 9809 9821 11845 953 11899 6799 11574 
5 5 3868 9894 11872 11572 6799 
5 18 11676 9687 746 6735 3730 3713 6716 716 9660 6703 3680 11610 9643 9608 6647 9591 11574 6799 
5 9 982 11741 606 11577 6647 3627 11594 624 11581 
5 4 11581 624 6619 6983 
5 6 11522 11679 11663 6703 11625 6670 
5 13 6690 9661 3700 3716 11679 9690 3731 3713 730 11659 3696 3709 6711 
5 6 11630 11627 3683 701 9676 11663 
5 20 3700 6720 9676 6703 11625 6700 679 9656 6682 9640 693 6711 13927 9672 11676 727 11689 3728 3741 9716 
5 4 11679 9690 9537 6751 
5 5 693 11622 3665 6679 6709 
5 8 3630 6652 637 3639 660 11619 11652 6706 
5 6 9617 3663 11619 11655 6747 9716 
5 5 11603 9614 9783 9919 9902 
5 8 949 3971 3952 3819 6952 6814 9888 9902 
5 9 11597 9614 9612 9769 6842 6952 9862 878 11774 
5 14 949 935 907 3882 9874 9906 9890 6998 3984 9599 11586 3614 11787 646 
5 8 9874 3882 3865 11856 6900 3448 914 3914 
5 6 3914 11786 863 976 1109 4109 
5 8 4109 3988 7096 7211 4193 1173 11965 4178 
5 4 11786 9916 9805 10203 
5 8 863 3973 3844 10163 11818 895 3936 9930 
5 6 937 3939 3984 11583 6634 630 
5 5 6953 6970 3984 11583 614 
5 6 9756 9602 6998 3984 3956 11741 
5 15 11554 13205 6590 3583 3414 6562 421 445 3462 11401 469 6440 11542 9421 6592 
5 7 543 5283 7857 9555 3571 586 9416 
5 11 6282 6390 6236 9387 9252 11260 279 3295 3230 6259 3544 
5 12 400 11329 11385 6567 6259 548 9508 11428 584 506 11467 9457 
5 11 13352 6499 3497 11532 11428 493 6401 3295 3351 3380 362 
5 10 11274 402 524 3544 467 11532 11430 9427 11398 9412 
5 7 3230 6347 9346 6375 9372 9327 9398 
5 9 3510 3460 6558 388 9252 9306 11372 11343 9263 
5 18 11372 9361 9334 6334 6282 3312 3258 268 11276 9294 6298 6325 6349 3326 309 241 11360 336 
5 7 3340 293 11276 9294 6298 6263 6377 
5 17 9279 6345 9300 9410 242 6148 11390 11380 11082 11188 9185 35 9193 3148 49 11147 11040 
5 22 6050 9149 3182 11091 3045 11147 11040 9151 205 130 9088 182 118 11067 9220 9143 6083 9108 6165 6125 13219 9147 
5 43 11278 9149 11163 35 9185 9209 6188 3063 3375 295 383 6310 171 11151 3171 6115 14 9174 6151 9096 11176 9296 9196 6072 9036 11029 3094 6080 27 11135 11028 6042 133 3136 179 3007 11078 6160 3021 9157 9103 144 9204 
4 43 11215 363 242 9329 3286 3375 3063 9054 11114 9218 3070 6093 156 9173 6023 11209 11123 3108 6126 11129 9141 11120 145 11069 3138 11 3003 9211 11190 148 6074 6206 101 11060 6208 11130 11115 6168 3193 11125 11164 11081 158 
5 7 6132 9220 3100 109 11 11026 6152 
5 14 9204 3094 6184 11101 3129 3049 6176 53 137 3192 65 9170 6145 122 
5 8 122 3114 3188 6216 6136 6114 6118 3022 
5 13 3022 6038 9132 6173 6187 3126 6111 173 6214 9126 3132 3034 192 
4 4 192 3145 91 11050 
2 20 9140 6012 6183 6128 11030 3156 6045 3153 3115 9233 9106 11199 6078 11210 9056 11138 9073 67 6144 11105 
3 9 9116 6092 9064 11104 9128 11169 167 6076 9189 
2 24 3016 76 9128 11104 9064 6092 9116 6183 6128 11030 3156 6045 3073 6134 7 3185 193 11076 6156 6033 37 3131 52 6082 
1 14 6066 9094 11172 11066 6144 67 9073 9183 11056 6082 52 139 3030 9181 
1 11 11211 9194 11172 3025 6138 9166 6198 11132 6081 11121 158 
1 7 11043 9163 9056 11033 9166 63 11065 
1 13 6134 11024 6146 3125 11199 6078 11210 9056 9160 6163 9167 6144 9129 
5 31 3134 11117 9201 6181 3121 11181 9158 9074 6175 6098 2998 6153 9176 6052 3187 6150 3050 11162 9206 9100 3060 3151 6174 9097 11186 104 4640 11443 11127 11426 3152 
5 22 6174 11032 9098 95 11392 9254 207 6293 11241 9241 6220 3267 9341 233 11342 9295 9404 6296 6360 3337 9499 3288 
5 8 207 9353 6242 3333 222 11222 10323 9340 
5 33 6380 3391 3327 274 11369 3345 352 6305 398 371 11325 11298 9342 9288 9249 6319 6373 3350 386 216 11370 277 6340 6413 3320 9274 6281 11312 3384 281 348 395 6332 
5 18 6380 3391 3327 274 11369 3345 352 6305 398 343 238 6589 546 3568 6532 489 11557 525 
5 10 3335 3364 343 315 11229 9342 9288 9249 3203 6232 
5 20 11670 9698 11703 6597 434 11438 3494 525 11557 489 6532 3568 546 9342 11298 9396 11230 3278 3210 306 
5 3 434 11409 9435 
3 8 5183 10927 7623 12992 2223 12936 2139 7481
5 4 12910 10925 5225 2205
5 9 5225 5211 8249 2114 11019 4836 10682 7859 4673
2 10 12683 12551 12518 4810 10598 1772 7871 10577 4844 12559
3 6 12446 1322 1820 1755 1742 855
5 19 9435 476 9533 3570 3470 11543 572 513 422 9558 11479 6483 3434 6431 11536 3548 6571 3743 9548 
5 10 3350 331 304 11313 11285 3556 560 3496 9520 3412 
5 13 11247 11466 9452 6580 422 513 572 11543 3470 6593 441 3543 525 
5 9 9558 422 3412 11528 13206 318 3366 6413 3320 
5 24 6242 11259 6326 6371 6220 11322 6292 3350 6373 3293 3203 11453 9568 3543 504 9465 11424 11409 3575 9714 741 6743 6727 11670 
5 16 6483 11411 11427 438 462 6429 476 9435 11409 6597 11546 574 11561 6423 11422 11437 
5 12 11437 11405 3399 429 6776 6493 6474 6505 9461 9446 11434 9417 
5 8 11405 6596 767 9712 568 3722 705 3686 
5 6 3288 6314 3354 11246 3194 6322 
5 11 6296 9357 530 265 9340 9240 9501 308 6381 9079 11426 
5 6 4640 11057 9079 496 567 83 
5 7 6459 341 11222 10493 9501 308 6381 
5 7 9357 9438 9374 3255 11222 3298 415 
5 5 11498 9438 530 6342 11246 
5 8 3568 3480 6508 9477 522 3520 6481 418 
5 25 9477 6565 9542 580 9260 11244 11283 328 356 3376 3199 6279 9273 314 9376 3257 6284 6343 9344 11394 297 3352 3224 3383 3282 
5 20 9417 9430 9446 6505 3479 3491 9531 6554 418 6481 6543 3580 11244 9328 9355 9411 300 9366 11347 6262 
4 19 6262 6396 6290 9348 301 9278 9345 11205 121 11166 6167 3077 6203 6122 6022 6245 3215 9343 11349 
5 5 6380 3259 344 11250 6245 
5 17 306 3313 6400 3235 6264 9265 226 2999 3101 9177 9153 11093 3163 11083 160 11168 11103 
3 26 6022 85 11084 9153 11093 9107 6169 9082 3084 11159 9118 6094 11092 155 11175 11212 11094 3 3086 3092 9248 3168 312 3338 9041 6192 
4 5 12725 10902 10745 8105 12771 
5 7 6558 17 11515 6401 548 11492 3544 
3 7 9570 552 6595 11517 9535 573 514 
5 9 434 458 488 3468 6495 11504 3557 11397 418 
4 25 3686 6704 9677 9680 6741 11729 3734 3720 3717 6721 9663 11647 11617 11599 772 3653 3656 6669 9702 1599 4534 6436 7554 9645 3668 
2 8 6796 11727 3748 9707 731 6733 9647 9628 
1 5 3717 6736 9694 11678 731 
5 6 3668 4463 7624 4458 7495 7661 
4 8 7661 1536 4614 11704 9715 1467 12450 12320 
4 6 3529 11484 6575 11395 6539 3578 
3 8 3578 483 3477 3343 6366 9365 6275 11225 
2 4 3282 9259 3315 6338 
3 9 121 3220 3190 6215 9257 11239 6370 9389 11375 
4 7 418 9449 6517 11500 534 11396 413 
5 18 413 6317 9339 11323 11351 340 313 3304 6328 9352 9326 11308 353 3343 6366 9365 6275 11225 
4 11 11225 11377 3216 3385 1350 12242 12128 12298 1210 1406 4261 
3 15 12242 7343 4354 1305 273 291 12130 12117 10142 10136 361 12216 7375 1754 12527 
4 10 6338 11387 282 11263 6383 9370 6124 272 11087 146 
5 6 3190 164 62 3056 11143 106 
2 15 11103 6034 6075 9187 3130 3065 11089 87 11200 154 6177 9121 10723 11119 6040 
3 12 6040 13076 4669 1684 1664 7768 10620 7867 1659 1880 4754 4824 
4 10 4261 4215 10256 7401 12157 9292 7285 12584 10133 1821 
3 12 1821 307 12106 1387 7846 9512 10670 10600 12652 1709 10696 12546 
5 72 12546 12616 4806 1797 10546 1794 4803 12528 7822 1816 10649 4690 12628 7713 10562 1810 10543 4797 1762 4837 10528 7835 10658 7751 12641 1826 10643 10565 10681 4832 12543 12660 7851 10678 12657 7763 12654 4779 7616 4701 12638 9659 3664 12559 7868 10571 4290 12263 12192 12189 10466 11643 6686 9639 664 11765 6684 11750 6989 957 11879 6944 898 3860 3803 9899 906 6963 11828 9795 9918 11835 
4 40 10284 1363 12257 1276 4309 7326 4281 1223 12111 10179 4389 1402 1239 7332 4764 10680 10550 7795 10547 1591 4224 1825 4316 10408 10530 10660 1459 10187 13752 1384 10205 12722 7639 1632 10742 4482 7560 10357 7491 1521 
5 16 12128 4322 7438 7370 10253 12294 1314 4227 7354 7600 7657 10353 4636 10366 10148 1459 
1 3 10840 1973 5074 
2 7 5074 12821 2029 13079 2103 8002 1947 
5 13 4245 10077 4644 7593 4544 4516 10751 12786 12777 1377 5086 10794 11955 
4 15 3456 4003 7020 1190 1061 1144 9975 7165 12743 4106 2092 7080 2036 4045 12137 
3 8 8106 10139 10898 12792 12876 12041 12868 11955 
4 4 10278 1344 12734 8011 
4 7 8011 8100 4414 10756 10259 5104 8087 
4 10 8087 11950 10511 7619 4883 12799 4953 5096 4045 12137 
3 10 2036 5096 4410 8120 1510 12375 4513 10428 10060 10088 
3 9 12822 10772 12041 12844 4984 12886 4064 1144 7207 
4 14 10782 5043 1179 10108 7084 1971 12792 12876 12844 1908 2054 4915 10807 2036 
5 13 1349 10270 1405 10311 7430 10030 4950 11995 1949 7080 7905 2054 11955 
5 11 7395 4278 10799 7411 12142 5063 10311 7430 10872 2105 10816 
2 16 7619 10171 1622 10469 1579 10428 1538 1059 7220 4204 10077 1609 4616 11929 1075 7179 
3 12 10060 10428 7574 12420 12854 12799 11995 2105 12080 12743 7165 9975 
4 11 7150 11993 12080 2105 11995 4953 4410 7938 12786 10751 7334 
3 15 7402 7288 10130 10274 7363 4315 12146 8100 5032 10756 10259 5104 10324 12226 5019 
4 8 7265 1409 10130 7447 7391 10190 7244 7395 
5 17 1273 4291 12105 10799 10756 10296 4365 4321 7340 1228 4237 10255 10001 11978 12462 10116 10060 
3 4 3989 5157 2086 11955 
1 3 1377 9951 10021 
3 6 10066 10772 10729 2032 2086 5157 
3 8 10066 9084 8106 1978 4998 12717 12831 10737 
3 10 7137 10050 12023 7044 1087 1187 7152 1047 7108 10062 
3 6 1070 4160 7135 4023 7192 12023 
4 12 4925 7240 6999 4431 1010 4325 10616 4532 4085 4628 4077 7137 
3 15 3992 7653 1628 1036 4619 4631 7097 12483 10517 7101 7279 4896 10822 9939 1010 
4 9 3992 4038 4185 1153 10044 11937 1171 1099 11913 
5 6 11913 11982 1089 10076 12052 7014 
5 4 7191 4042 12076 7014 
3 19 7191 11991 12059 11920 11947 7086 1094 4169 4196 7027 11986 7071 10010 10093 9938 9978 7067 4050 7108 
4 5 4837 4766 12507 4862 4801 
5 27 4801 7752 7749 10575 4655 12448 11752 7674 1489 952 9776 9843 11761 1134 9969 4137 10068 12043 1052 3900 11886 6837 9835 11764 964 3783 1150 
2 9 964 892 987 11771 9885 6804 6910 6860 11835 
4 20 12543 10559 12622 12537 1776 10567 1847 1588 1645 7582 10433 9782 7591 9913 946 9883 927 11823 861 3803 
5 14 9969 11944 11980 7189 1069 4037 12015 9956 7200 1029 4031 12067 9953 1089 
5 5 4037 7055 1154 7089 10000 
5 10 4052 10065 7070 9981 7125 10036 9936 4103 7121 4056 
5 12 11992 7204 7221 7125 4004 848 6928 3981 3852 6922 959 6822 
5 5 10065 11915 1003 12040 7125 
5 10 848 9981 7125 7221 7204 7175 4126 10110 11948 1177 
5 9 11958 1148 7021 12011 4103 10115 1081 10085 1054 
5 5 7121 4086 10085 12085 10110 
5 9 9981 7125 7221 7204 11977 1081 10085 1054 12060 
5 5 852 11775 11896 9790 4052 
5 5 6928 978 3912 9790 4052 
5 8 6822 11878 3904 852 6928 848 7070 11915 
1 2 912 9790 
5 49 1092 10052 11985 7050 1191 7145 9968 11946 4197 1167 10055 7212 12031 9985 1136 7072 11960 1067 7102 10032 10128 12007 1117 11930 4067 1063 9865 6873 6994 3848 12056 7169 1024 4118 7016 4100 4188 1182 9998 7157 7087 12097 10125 4142 4054 1051 1133 7113 7072 
5 5 10125 7187 7217 10015 10128 
5 4 10015 12072 9998 1182 
5 5 1117 11989 4000 993 1182 
5 2 4067 7169 
5 5 4000 4122 4153 4067 12056 
5 18 7169 1165 6870 11847 6994 9859 3962 7532 10444 12352 4576 1642 4646 1512 12493 10512 12421 7595 
5 13 11985 1025 7110 4164 11925 12006 1183 4102 11949 1020 7178 10092 7046 
3 7 4179 4094 9965 12028 7197 11997 7046 
2 2 7072 9965 
5 9 11959 1091 12068 11914 1175 4096 9955 7186 7214 
5 4 1497 12366 1525 12322 
3 4 4435 12338 10389 1497 
4 11 8063 1082 10920 7469 1492 4585 4626 12256 1417 12127 1330 
3 10 12127 4336 1403 12125 7295 1315 1385 12292 4275 10217 
3 5 4626 12449 7034 4059 1333 
4 5 12267 12197 10283 10344 1650 
5 6 1330 10154 10283 10344 1650 7034 
2 4 1492 10386 7163 10033 
4 5 1014 4019 4202 12404 1492 
5 49 4433 1244 7292 1353 4359 7404 7432 10289 7319 4639 12475 12447 10453 1563 1374 4539 1520 1390 12332 1464 10384 1357 4582 10221 10250 7408 1427 4392 12122 12220 1296 4388 1308 10158 1281 12201 12230 1366 1394 1337 12286 4371 10156 7236 12144 12131 4297 1279 7329 
5 17 7408 10250 10221 7338 4566 4408 12238 1253 12317 7675 10371 4496 1990 10456 10496 10330 10356 
5 6 1374 12417 12431 12264 12224 7408 
5 9 12332 7516 12360 12402 12431 12264 4251 10177 12191 
5 7 10356 12345 7572 7544 7338 7367 7587 
5 54 10309 7229 1248 4363 1400 1605 12176 7347 7238 10261 12288 4223 4284 4341 7331 7303 1423 1396 4401 12232 10232 12204 1285 10162 4405 4334 1300 4255 10137 10309 4379 1302 7280 12297 4397 10016 11936 10129 4075 4119 1157 7093 4121 12065 7518 12008 10075 12319 12392 12433 4613 7075 4339 9988 
5 16 1291 7342 12215 1376 10297 4412 7427 4424 10313 4367 12271 7399 4355 12199 10227 4310 
5 5 4355 7399 1392 12255 10297 
5 3 10227 1364 12215 
5 3 4424 12299 12113 
2 40 1208 12129 4279 1316 10282 4409 7227 10310 12280 10138 12110 7296 10178 1416 12252 12225 10237 12196 1252 7231 10325 1404 7415 12243 12228 10240 1306 10199 10143 12186 4282 10212 12171 10269 7387 10285 4396 12283 4216 12905 
3 45 1648 4652 7673 12302 7327 12181 12343 12212 1373 4364 12268 1401 1246 12165 4361 1342 10279 7381 4406 12249 7421 4434 7223 7642 12277 10135 12293 1413 4390 4608 10491 1209 10479 12472 7654 4273 7293 10191 12162 1298 10175 4301 7321 12151 10219 
2 7 1355 4358 1339 13001 12190 1326 12178 
2 15 10263 1589 10464 12330 7336 1518 12358 1098 4307 4262 1289 10169 7311 10197 10153 
1 26 4509 4552 10396 12371 10423 12400 12240 1389 4393 7614 12154 12193 12237 10251 1329 1301 4304 7352 7324 1286 10166 7251 4421 7412 1361 4352 
1 16 4329 4289 12135 1242 1222 12123 10147 12484 1310 10505 1629 7627 4593 7269 1546 4509 
1 4 10234 1358 4378 4226 
1 4 4292 1269 10291 7437 
4 14 10241 4368 4350 12253 1415 10165 7323 10265 1221 12236 10306 1372 12279 4228 
3 11 1311 1340 4373 1224 4269 1293 12188 12245 1407 7445 4241 
3 7 12118 12153 10186 12112 1261 10302 1368 
4 17 4543 1565 7887 1713 7783 12617 4804 1814 12632 4819 7839 2197 5195 2203 2211 8241 12988 
5 16 1540 4630 1652 8228 8243 8130 11011 12990 12976 2191 12948 5197 5183 8220 2219 8186
5  32 5225 7567 12910 12924 1773 4791 7811 7798 10553 10581 12532 1861 7859 4864 12406 7520 7450 1611 10458 10445 7564 7535 4530 4502 12308 7651 10487 10460 4560 7566 12367 4520
3 5 2196 8183 5224 13843 2206 
2 6 2206 11017 10932 13841 4171 9962 
1 3 4171 13842 2220 
3 6 2196 13825 13821 13819 13814 13817 
3 3 8183 13840 5210 
3 3 5210 6020 1939 
3 3 1939 13847 10860 
3 4 10860 5160 12929 8223 
2 2 12929 12989 
1 4 7925 2016 10827 8052 
1 2 8052 4033 
1 2 4033 10908 
1 4 10908 13859 13866 7996 
1 3 7996 7133 8223 
1 4 5160 13850 5079 2066 
3 3 2126 10966 12958 
3 2 2126 1552 
3 5 1552 8054 12677 13783 191 
3 2 10525 13304 
3 6 13304 13305 13310 13312 13313 13314 
3 4 13314 13759 13761 5199 
1 2 13663 8245 
1 4 8245 5177 13324 13323 
3 3 13323 13757 13325 
3 3 13325 13327 4851 
3 3 4851 1874 13759 
3 4 5199 13768 13770 5221 
1 2 5221 12986 
3 5 5221 13782 13784 13788 13790 
3 3 13790 13791 13817 
3 3 13790 13792 191 
3 3 12677 1968 1516 
1 3 13662 13721 2080 
1 4 2080 13718 13719 5054 
1 4 5054 13724 13734 13735 
1 3 13735 11194 13740 
3 5 1516 13795 13797 12907 13801 
3 5 13797 13798 13802 10766 1950 
1 3 1950 10951 10883 
1 3 1950 12847 12783 
5 3 1516 9986 4128 
1 3 4128 12896 12945 
1 9 5183 8165 5138 11013 8237 12311 12326 1431 7669 
1 2 4824 1387 
3 2 4824 1387 
4 10 6558 3460 9532 11558 9546 11428 9508 9400 11492 3544 
5 7 3654 6672 3670 9624 11610 9643 6670 
3 3 966 3980 3914 
4 22 13926 13925 13924 13923 8051 13920 13919 13918 10791 4932 8108 2048 13917 13914 13915 13916 7960 10904 4993 10760 8020 1947 
1 4 6039 13745 13746 13747 
1 4 11932 10124 1123 7115 
3 9 5139 10948 2192 3109 6008 11108 1974 1883 3181 
1 4 12723 12766 5091 5017 
5 27 9855 10483 11795 823 7986 10783 3834 7920 5044 12791 10740 10894 5038 12728 2019 12782 6987 6785 2042 4884 12410 10337 1500 7628 805 10861 3960 
1 7 4913 9855 9911 4518 6861 3677 9671 
5 10 9671 9637 3840 986 6881 11859 9814 11757 7517 1562 
4 38 610 781 3588 4331 12134 1862 7756 10651 4865 4668 10535 3869 7780 11772 4830 10606 3708 10676 10333 10516 7449 12365 10457 7626 4508 4531 1595 4527 4601 9775 971 10441 3975 3941 6958 11888 6929 3957 
5 17 7552 1453 7599 1559 10355 1646 4625 12346 1621 1523 7607 7449 7539 7306 11971 4807 1719 
5 16 788 11738 3925 7045 7083 7138 10495 7643 9967 5090 9996 11509 4622 4756 1615 4464 
5 20 3878 6882 3863 11799 9820 11785 9804 847 3850 11789 3802 9808 6874 9825 3685 689 11637 9654 6713 9450 
5 13 12357 12312 6737 10393 4590 7449 10391 7834 9802 1806 7904 10798 10702 
5 10 12720 10867 2102 12627 10588 1827 3869 10640 10711 7814 
5 4 4799 12425 4521 4607 
5 10 11733 528 4328 3513 10271 7386 7315 7442 7255 7398 
5 9 12211 10271 7255 12155 7865 10687 4778 3781 6742 
5 19 9616 7845 10602 1736 4741 12585 4857 7880 1767 6722 12566 1836 1752 3719 12597 12693 1734 12550 1719 
5 11 6710 11656 689 870 9653 4437 1655 720 12697 10457 4569 
5 17  6710 9667 722 11695 3763 3775 6797 9580 11567 3605 6625 3778 1341 4345 9601 7291 12149 
5 24 12456 12312 12368 9682 4437 4531 12437 11621 6696 6974 8083 1758 968 9996 7583 12498 12325 12353 1572 12439 866 10489 9834 1843 
5 10 7480 4756 4622 13931 12735 12803 10281 8083 4988 12568 
5 25 11800 9808 827 6855 9775 4601 4527 10448 12437 1604 7626 12305 4569 1621 12361 1564 9802 4811 4740 10340 4586 1738 2102 12684 4975 
1 8 9695 10556 9616 12553 7865 12155 10155 12214 
5 14 1572 12381 1480 11975 1547 7202 10047 11927 1019 1132 4168 1077 6943 9876 
5 17 12459 7462 3732 3712 715 718 3806 6911 3878 6882 3863 6845 9786 6984 3957 873 3823 
5 9 12459 10318 1282 4342 4285 1424 7304 7644 7361
2 8 13202 13698 13697 13696 10707 4848 13091 13691
1 3 13691 13069 13694
5 11 6732 3710 908 3806 9673 11660 6717 11650 11680 9664 11654 
5 11 3897 862 6885 6872 12405 3850 11789 3802 801 3975 7588 
5 5 10586 4540 12346 12463 10370 
5 4 10352 7640 12325 12470 
5 6 12384 638 7118 3994 10029 7012 
5 14 9931 10439 10468 8014 7791 10909 1758 10281 10824 10615 7464 1646 10477 12489 
5 9 4567 2043 6803 8025 2082 9920 1915 12875 8064 
5 14 853 7747 6897 10645 9792 12627 1809 12570 4871 4830 3855 7852 1683 10595 
4 3 276 385 337 
5 7 11371 9255 11287 369 303 3342 7377 
3 6 997 10090 10514 12395 12366 13934 
3 14 12063 1101 10428 7574 12420 4557 7619 10511 5019 12226 5063 12142 10210 7232 
1 3 1553 1581 10090 
3 5 12338 1656 7475 7537 7593 
2 3 4616 1609 10077 
1 4 7662 7565 10389 12338 
3 6 13870 4206 1201 1065 13875 1074
3 6 4088 13877 13871 1086 7176 1015
5 5 4088 13870 4206 1201 13873
1 2 1201 7107