state={
id=317
	name="STATE_317"
    buildings_max_level_factor = 1
	state_category = large_city
	
	resources = {
	steel = 100
	}
	history={
        victory_points = { 11375 20 }
        victory_points = { 413 20 }
        owner = SOV
		add_core_of = SOV
        buildings = {
            school = 2
            infrastructure = 4
			industrial_complex = 5
			arms_factory = 3
        }
    }
	provinces={
		2 12 97 164 208 232 256 257 269 270 275 297 313 314 324 330 340 367 376 380 396 413 437 471 510 3077 3091 3190 3221 3224 3245 3257 3261 3266 3285 3302 3303 3317 3322 3332 3349 3352 3356 3360 3371 3383 3389 3504 3527 3566 6056 6149 6167 6215 6230 6248 6279 6284 6291 6299 6317 6327 6329 6341 6343 6353 6369 6374 6382 6391 6398 6409 6410 6428 6494 6553 6587 9033 9122 9159 9188 9245 9258 9266 9273 9276 9286 9291 9298 9312 9313 9324 9325 9330 9339 9344 9358 9360 9367 9368 9376 9380 9394 9395 9407 9409 9422 9448 9529 11039 11099 11134 11166 11227 11240 11248 11258 11262 11268 11269 11275 11277 11294 11296 11309 11323 11324 11335 11340 11344 11351 11363 11364 11375 11379 11381 11393 11394 11436 11540 
	}
	manpower=10000000
	buildings_max_level_factor=2.000
	local_supplies=0.000
}
