state={
id=329
	name="STATE_329"
    buildings_max_level_factor = 1
	state_category = metropolis
	
	resources = {
	
	}
	history={
        victory_points = { 11105 25 }
        owner = FIN
		add_core_of = FIN
        buildings = {
            school = 2
            infrastructure = 4
			dockyard = 5
			industrial_complex = 3
			arms_factory = 3
			11105 = {
			naval_base = 5
			}
        }
    }
	provinces={
		7 32 37 52 63 66 67 132 136 139 141 165 169 193 195 204 3009 3013 3025 3030 3061 3068 3073 3083 3115 3117 3119 3122 3125 3131 3137 3149 3161 3172 3185 6009 6013 6033 6047 6066 6078 6081 6082 6108 6134 6138 6141 6144 6146 6156 6163 6186 6198 6210 6212 9038 9056 9061 9073 9094 9104 9106 9129 9156 9160 9163 9166 9167 9169 9181 9183 9194 9219 9233 11024 11033 11043 11056 11065 11066 11076 11079 11105 11121 11126 11132 11138 11141 11144 11172 11199 11210 11211 13100 13101 13102 13103 13104 13105 13106 13107 13108 13109 13110 13111 13112 13113 13114 13115 13118 
	}
	manpower=5000000
	buildings_max_level_factor=2.000
	local_supplies=0.000
}
